189,163,72,72
190,162,72,72
188,160,72,72
189,163,72,72
190,163,72,72
189,162,72,72
190,162,72,72
191,160,72,72
191,161,72,72
193,162,72,72
193,162,72,72
193,162,72,72
194,161,72,72
194,161,72,72
193,161,72,72
192,162,72,72
189,163,72,72
187,164,72,72
184,164,72,72
179,165,72,72
177,167,72,72
171,167,72,72
167,167,72,72
166,167,72,72
162,168,72,72
156,167,72,72
151,164,72,72
145,166,72,72
138,164,72,72
133,162,72,72
124,161,72,72
121,161,72,72
116,162,72,72
105,160,72,72
103,160,72,72
102,158,72,72
98,160,72,72
96,157,72,72
93,161,72,72
88,164,72,72
87,166,72,72
87,169,72,72
85,170,72,72
91,173,72,72
92,173,72,72
97,175,72,72
99,175,72,72
109,175,72,72
114,176,72,72
117,174,72,72
128,172,72,72
135,172,72,72
142,173,72,72
145,172,72,72
155,170,72,72
166,169,72,72
178,165,72,72
185,165,72,72
192,166,72,72
199,165,72,72
207,164,72,72
220,164,72,72
222,164,72,72
233,163,72,72
234,164,72,72
241,162,72,72
245,163,72,72
245,162,72,72
247,163,72,72
244,160,72,72
242,159,72,72
241,161,72,72
236,160,72,72
235,161,72,72
229,160,72,72
225,161,72,72
224,162,72,72
221,161,72,72
217,162,72,72
210,160,72,72
206,158,72,72
202,158,72,72
198,159,72,72
192,161,72,72
190,160,72,72
184,164,72,72
180,166,72,72
176,165,72,72
174,167,72,72
172,168,72,72
172,168,72,72
174,167,72,72
176,166,72,72
177,164,72,72
182,162,72,72
184,159,72,72
184,158,72,72
181,155,72,72
179,154,72,72
178,154,72,72
174,152,72,72
169,152,72,72
167,152,72,72
163,149,72,72
159,150,72,72
156,151,72,72
154,151,72,72
154,151,72,72
152,152,72,72
150,154,72,72
148,156,72,72
148,157,72,72
148,157,72,72
147,157,72,72
148,157,72,72
152,155,72,72
153,156,72,72
155,154,72,72
159,152,72,72
160,152,72,72
161,150,72,72
162,151,72,72
163,149,72,72
164,150,72,72
165,150,72,72
165,151,72,72
162,152,72,72
162,152,72,72
159,151,72,72
157,152,72,72
157,151,72,72
154,153,72,72
151,152,72,72
150,151,72,72
149,152,72,72
149,152,72,72
147,152,72,72
148,152,72,72
148,153,72,72
150,152,72,72
150,153,72,72
152,152,72,72
154,151,72,72
156,153,72,72
155,152,72,72
155,152,72,72
156,152,72,72
151,152,72,72
151,152,72,72
151,151,72,72
148,153,72,72
147,153,72,72
146,154,72,72
145,154,72,72
142,154,72,72
142,155,72,72
143,154,72,72
143,154,72,72
144,154,72,72
143,154,72,72
143,154,72,72
144,154,72,72
146,154,72,72
146,154,72,72
145,154,72,72
148,155,72,72
148,154,72,72
147,154,72,72
147,155,72,72
149,155,72,72
149,155,72,72
151,156,72,72
151,156,72,72
151,156,72,72
152,157,72,72
151,155,72,72
151,156,72,72
151,156,72,72
149,155,72,72
149,157,72,72
149,155,72,72
146,155,72,72
145,153,72,72
143,152,72,72
143,151,72,72
142,149,72,72
142,150,72,72
143,149,72,72
143,148,72,72
142,147,72,72
143,146,72,72
142,147,72,72
144,147,72,72
144,146,72,72
145,145,72,72
146,147,72,72
147,148,72,72
150,149,72,72
151,151,72,72
153,152,72,72
157,153,72,72
159,154,72,72
163,157,72,72
167,158,72,72
167,158,72,72
168,159,72,72
168,158,72,72
169,158,72,72
170,158,72,72
169,157,72,72
169,157,72,72
169,158,72,72
167,158,72,72
167,157,72,72
165,157,72,72
164,158,72,72
164,157,72,72
163,158,72,72
161,157,72,72
159,157,72,72
156,157,72,72
154,156,72,72
151,155,72,72
151,154,72,72
149,155,72,72
147,154,72,72
145,154,72,72
146,155,72,72
145,155,72,72
147,156,72,72
146,155,72,72
150,155,72,72
150,153,72,72
149,152,72,72
150,153,72,72
148,151,72,72
146,151,72,72
146,151,72,72
139,151,72,72
140,152,72,72
138,152,72,72
135,153,72,72
135,152,72,72
134,153,72,72
136,152,72,72
134,151,72,72
135,151,72,72
138,150,72,72
142,150,72,72
144,151,72,72
148,151,72,72
151,151,72,72
153,150,72,72
155,151,72,72
159,151,72,72
162,151,72,72
164,150,72,72
166,151,72,72
166,152,72,72
166,152,72,72
167,152,72,72
167,151,72,72
165,151,72,72
166,151,72,72
162,149,72,72
161,148,72,72
155,148,72,72
152,149,72,72
149,148,72,72
148,147,72,72
147,147,72,72
146,146,72,72
145,146,72,72
146,146,72,72
148,145,72,72
150,145,72,72
152,145,72,72
155,146,72,72
158,149,72,72
161,148,72,72
162,148,72,72
162,147,72,72
161,147,72,72
162,147,72,72
158,146,72,72
156,146,72,72
154,145,72,72
151,145,72,72
149,144,72,72
146,145,72,72
144,144,72,72
144,143,72,72
143,142,72,72
141,141,72,72
138,142,72,72
140,140,72,72
136,142,72,72
141,141,72,72
140,141,72,72
142,140,72,72
144,140,72,72
144,141,72,72
147,141,72,72
146,143,72,72
150,141,72,72
152,141,72,72
153,142,72,72
154,141,72,72
156,142,72,72
154,141,72,72
154,142,72,72
152,142,72,72
154,143,72,72
151,142,72,72
148,142,72,72
147,143,72,72
144,141,72,72
143,141,72,72
140,142,72,72
141,143,72,72
140,142,72,72
138,142,72,72
137,143,72,72
138,142,72,72
138,141,72,72
138,143,72,72
139,142,72,72
139,142,72,72
138,142,72,72
136,141,72,72
137,141,72,72
137,140,72,72
137,141,72,72
137,140,72,72
137,141,72,72
138,140,72,72
138,141,72,72
138,141,72,72
136,141,72,72
136,140,72,72
136,142,72,72
137,139,72,72
137,139,72,72
138,140,72,72
136,140,72,72
137,140,72,72
138,139,72,72
137,139,72,72
138,139,72,72
138,140,72,72
137,138,72,72
136,141,72,72
137,139,72,72
134,142,72,72
137,142,72,72
134,140,72,72
136,140,72,72
138,139,72,72
136,140,72,72
136,141,72,72
136,141,72,72
136,141,72,72
137,140,72,72
135,140,72,72
136,140,72,72
136,140,72,72
135,141,72,72
137,141,72,72
136,140,72,72
135,142,72,72
136,141,72,72
134,140,72,72
136,139,72,72
136,141,72,72
132,141,72,72
135,139,72,72
135,140,72,72
135,140,72,72
136,141,72,72
136,141,72,72
134,140,72,72
133,141,72,72
134,142,72,72
136,141,72,72
132,142,72,72
135,140,72,72
136,143,72,72
134,143,72,72
134,140,72,72
136,141,72,72
139,141,72,72
137,144,72,72
137,142,72,72
137,142,72,72
136,143,72,72
134,143,72,72
137,144,72,72
138,142,72,72
139,142,72,72
140,142,72,72
139,142,72,72
140,142,72,72
141,143,72,72
141,143,72,72
143,142,72,72
144,142,72,72
142,143,72,72
145,142,72,72
146,142,72,72
148,142,72,72
149,142,72,72
151,144,72,72
153,143,72,72
155,142,72,72
156,143,72,72
156,143,72,72
159,143,72,72
159,143,72,72
160,144,72,72
161,144,72,72
160,144,72,72
162,144,72,72
161,143,72,72
161,143,72,72
160,144,72,72
160,143,72,72
160,145,72,72
159,143,72,72
159,145,72,72
159,144,72,72
157,144,72,72
156,146,72,72
154,145,72,72
152,144,72,72
151,144,72,72
148,144,72,72
150,144,72,72
149,146,72,72
150,145,72,72
146,144,72,72
147,145,72,72
148,144,72,72
147,145,72,72
150,144,72,72
148,144,72,72
151,144,72,72
153,145,72,72
151,145,72,72
152,144,72,72
155,145,72,72
152,143,72,72
152,144,72,72
152,143,72,72
152,143,72,72
153,143,72,72
152,143,72,72
150,143,72,72
151,144,72,72
153,144,72,72
155,144,72,72
154,142,72,72
151,142,72,72
153,142,72,72
152,144,72,72
148,143,72,72
149,142,72,72
149,142,72,72
151,142,72,72
149,145,72,72
151,147,72,72
150,141,72,72
148,142,72,72
145,142,72,72
148,145,72,72
146,142,72,72
146,143,72,72
144,142,72,72
146,142,72,72
147,141,72,72
146,142,72,72
145,141,72,72
146,141,72,72
144,139,72,72
142,141,72,72
141,141,72,72
141,141,72,72
141,140,72,72
140,140,72,72
139,140,72,72
140,141,72,72
146,147,72,72
139,139,72,72
139,139,72,72
138,139,72,72
137,139,72,72
138,138,72,72
138,140,72,72
139,140,72,72
139,139,72,72
138,140,72,72
138,139,72,72
137,139,72,72
137,139,72,72
138,139,72,72
136,139,72,72
137,140,72,72
138,140,72,72
139,138,72,72
137,140,72,72
139,140,72,72
139,138,72,72
139,139,72,72
137,139,72,72
135,140,72,72
138,140,72,72
135,140,72,72
136,141,72,72
137,142,72,72
137,140,72,72
137,140,72,72
136,141,72,72
135,141,72,72
135,143,72,72
136,141,72,72
137,144,72,72
139,142,72,72
140,143,72,72
138,143,72,72
141,141,72,72
147,143,72,72
145,143,72,72
148,143,72,72
148,141,72,72
152,143,72,72
153,143,72,72
155,144,72,72
156,144,72,72
158,143,72,72
158,143,72,72
158,144,72,72
160,144,72,72
159,146,72,72
159,146,72,72
159,145,72,72
161,147,72,72
162,145,72,72
158,146,72,72
159,145,72,72
160,145,72,72
157,146,72,72
157,146,72,72
156,145,72,72
150,146,72,72
151,146,72,72
150,145,72,72
150,145,72,72
148,145,72,72
149,146,72,72
148,145,72,72
151,144,72,72
152,146,72,72
154,146,72,72
153,146,72,72
153,147,72,72
154,146,72,72
153,148,72,72
155,147,72,72
153,148,72,72
154,148,72,72
152,148,72,72
152,148,72,72
154,148,72,72
154,149,72,72
155,148,72,72
157,148,72,72
157,149,72,72
159,149,72,72
160,148,72,72
159,149,72,72
160,149,72,72
160,147,72,72
161,149,72,72
161,148,72,72
160,149,72,72
160,149,72,72
158,149,72,72
157,149,72,72
153,149,72,72
150,150,72,72
147,148,72,72
147,147,72,72
144,147,72,72
144,148,72,72
143,148,72,72
145,148,72,72
144,147,72,72
144,147,72,72
146,148,72,72
145,149,72,72
144,149,72,72
151,150,72,72
151,149,72,72
151,151,72,72
153,150,72,72
156,152,72,72
160,153,72,72
161,150,72,72
163,153,72,72
